1 2 3
111 2 1 1 1 1500 700 AAA001 1
121 4 0 1 0 1600 701 BBB002 1
400 0 0 0 0 35 702 TRCD01 1
400 0 0 0 0 35 703 TRCD02 1
111 2 0 1 0 1200 704 CCC003 1
111 2 0 1 0 1200 705 DDD004 1
111 2 0 1 0 1200 706 EEE005 1
500 0 0 0 0 3000 707 AMB001 1
100 0 0 0 0 1400 730 FFF006 0
100 0 0 0 0 1400 731 GGG007 0
100 0 0 0 0 1400 732 HHH008 0
100 0 0 0 0 1400 733 III009 0
100 0 0 0 0 1400 734 JJJ010 0
700 0 0 0 0 2000 735 POL001 0
311 15 5 1 1 4500 800 BUS001 1
311 15 5 1 1 4500 801 BUS002 1
311 15 5 1 1 4500 802 BUS003 1
311 15 5 1 1 4500 803 BUS004 1
100 0 0 0 0 1000 804 KKK011 1
600 0 0 0 0 5000 805 BOM001 1
400 0 0 0 0 25 900 TRCD03 0
400 0 0 0 0 30 901 TRCD04 0
100 0 0 0 0 1500 902 LLL012 0
400 0 0 0 0 20 2345 TRCD05 1
100 0 0 0 0 1500 2350 MMM013 0