1 2 3
111 2 0 1 1 1500 500 NORMAL01 0
111 2 0 1 1 1500 505 NORMAL02 1
121 15 15 0 1 1200 510 EXCESO 0
111 2 0 1 1 1500 515 REPETIDA 0
211 1 0 1 1 1800 520 REPETIDA 1
111 2 0 1 1 1500 525 AB 0
111 2 0 1 1 1500 530 SUPERLARGA123 0
400 5 5 1 1 20 535 CARGAPASAJ 1
911 2 0 1 1 1500 540 TIPOMALO 0
111 2 0 1 1 1500 2500 HORAMALA 0
111 2 0 1 1 1500 675 MINMALO 0
111 2 0 1 1 -500 610 PESOMALO 0
511 0 1 0 0 3000 615 AMBULANCI 1
611 0 1 0 0 3500 620 BOMBERO01 0
711 0 1 0 0 2500 625 POLICIA01 1
111 2 0 1 1 1500 700 NORMAL03 0
111 2 0 1 1 1500 701 NORMAL04 0
111 2 0 1 1 1500 702 NORMAL05 0
111 2 0 1 1 1500 703 NORMAL06 0
111 2 0 1 1 1500 704 NORMAL07 0
111 2 0 1 1 1500 705 NORMAL08 0
111 2 0 1 1 1500 706 NORMAL09 0
111 2 0 1 1 1500 707 NORMAL10 0
111 2 0 1 1 1500 708 NORMAL11 0
111 2 0 1 1 1500 709 NORMAL12 0
111 2 0 1 1 1500 710 NORMAL13 1
111 2 0 1 1 1500 711 NORMAL14 1
111 2 0 1 1 1500 712 NORMAL15 1
111 2 0 1 1 1500 713 NORMAL16 1
111 2 0 1 1 1500 714 NORMAL17 1
111 2 0 1 1 1500 715 NORMAL18 1
111 2 0 1 1 1500 716 NORMAL19 1
111 2 0 1 1 1500 717 NORMAL20 1
111 2 0 1 1 1500 718 NORMAL21 1
111 2 0 1 1 1500 719 NORMAL22 1
111 2 0 1 1 1500 720 NORMAL23 1
111 2 0 1 1 1500 721 NORMAL24 1
111 2 0 1 1 1500 722 NORMAL25 1
